00000000
30000000
40000000
10010000
50000000
60000000
70000000
80000000
90000000
01000000
11000000
21000000
31000000
41000000
51000000
61000000
71000000
81000000
91000000
02000000
12000000
22000000
32000000
42000000
52000000
62000000
72000000
82000000
92000000
03000000
13000000
23000000
33000000
43000000
53000000
63000000
73000000
83000000
93000000
04000000
14000000
24000000
34000000
44000000
54000000
64000000
74000000
84000000
94000000
05000000
15000000
25000000
35000000
45000000
55000000
65000000
75000000
85000000
95000000
06000000
16000000
26000000
36000000
46000000
56000000
66000000
76000000
86000000
20000000
96000000
07000000
17000000
27000000
37000000
47000000
57000000
67000000
77000000
87000000
97000000
08000000
18000000
28000000
38000000
48000000
58000000
68000000
78000000
88000000
98000000
09000000
19000000
29000000
39000000
49000000
59000000
69000000
79000000
89000000
99000000
00100000
10100000
20100000
30100000
40100000
50100000
60100000
70100000
80100000
90100000
01100000
11100000
21100000
31100000
41100000
51100000
61100000
71100000
81100000
91100000
02100000
12100000
22100000
32100000
42100000
52100000
62100000
72100000
82100000
92100000
03100000
13100000
23100000
33100000
43100000
53100000
63100000
73100000
83100000
93100000
04100000
14100000
24100000
34100000
44100000
54100000
64100000
74100000
84100000
94100000
05100000
15100000
25100000
35100000
45100000
55100000
65100000
75100000
85100000
95100000
06100000
16100000
26100000
36100000
46100000
56100000
66100000
76100000
86100000
96100000
07100000
17100000
27100000
37100000
47100000
57100000
67100000
77100000
87100000
97100000
08100000
18100000
28100000
38100000
48100000
58100000
68100000
78100000
88100000
98100000
09100000
19100000
29100000
39100000
49100000
59100000
69100000
79100000
89100000
99100000
00200000
10200000
20200000
30200000
40200000
50200000
60200000
70200000
80200000
90200000
01200000
11200000
21200000
31200000
41200000
51200000
61200000
71200000
81200000
91200000
02200000
12200000
22200000
32200000
42200000
52200000
62200000
72200000
82200000
92200000
03200000
13200000
23200000
33200000
43200000
53200000
63200000
73200000
83200000
93200000
04200000
14200000
24200000
34200000
44200000
54200000
64200000
74200000
84200000
94200000
05200000
15200000
25200000
35200000
45200000
55200000
65200000
75200000
85200000
95200000
06200000
16200000
26200000
36200000
46200000
56200000
66200000
76200000
86200000
96200000
07200000
17200000
27200000
37200000
47200000
57200000
67200000
77200000
87200000
97200000
08200000
18200000
28200000
38200000
48200000
58200000
68200000
78200000
88200000
98200000
09200000
19200000
29200000
39200000
49200000
59200000
69200000
79200000
89200000
99200000
00300000
10300000
20300000
30300000
40300000
50300000
60300000
70300000
80300000
90300000
01300000
11300000
21300000
31300000
41300000
51300000
61300000
71300000
81300000
91300000
02300000
12300000
22300000
32300000
42300000
52300000
62300000
72300000
82300000
92300000
03300000
13300000
23300000
33300000
43300000
53300000
63300000
73300000
83300000
93300000
04300000
14300000
24300000
34300000
44300000
54300000
64300000
74300000
84300000
94300000
05300000
15300000
25300000
35300000
45300000
55300000
65300000
75300000
85300000
95300000
06300000
16300000
26300000
36300000
46300000
56300000
66300000
76300000
86300000
96300000
07300000
17300000
27300000
37300000
47300000
57300000
67300000
77300000
87300000
97300000
08300000
18300000
28300000
38300000
48300000
58300000
68300000
78300000
88300000
98300000
09300000
19300000
29300000
39300000
49300000
59300000
69300000
79300000
89300000
99300000
00400000
10400000
20400000
30400000
40400000
50400000
60400000
70400000
80400000
90400000
01400000
11400000
21400000
31400000
41400000
51400000
61400000
71400000
81400000
91400000
02400000
12400000
22400000
32400000
42400000
52400000
62400000
72400000
82400000
92400000
03400000
13400000
23400000
33400000
43400000
53400000
63400000
73400000
83400000
93400000
04400000
14400000
24400000
34400000
44400000
54400000
64400000
74400000
84400000
94400000
05400000
15400000
25400000
35400000
45400000
55400000
65400000
75400000
85400000
95400000
06400000
16400000
26400000
36400000
46400000
56400000
66400000
76400000